joint_names: [rh_FFJ1, rh_FFJ2, rh_FFJ3, rh_FFJ4, rh_LFJ1, rh_LFJ2, rh_LFJ3, rh_LFJ4, rh_LFJ5, rh_MFJ1, rh_MFJ2, rh_MFJ3, rh_MFJ4, rh_RFJ1, rh_RFJ2, rh_RFJ3, rh_RFJ4, rh_THJ1, rh_THJ2, rh_THJ3, rh_THJ4, rh_THJ5, rh_WRJ1, rh_WRJ2]
grasps:
  open_hand: [0.0, 0.0, 0.0, 0.0, 0.0, 0.0, 0.0, 0.0, 0.0, 0.0, 0.0, 0.0, 0.0, 0.0, 0.0, 0.0, 0.0, 0.0, 0.0, 0.0, 0.0, 0.0, 0.0, 0.0]
  close_hand: [1.5707, 1.5707, 1.5707, 0.0, 1.5707, 1.5707, 1.5707, 0.0, 0.0, 1.5707, 1.5707, 1.5707, 0.0, 1.5707, 1.5707, 1.5707, 0.0, 0.52, 0.61, 0.0, 1.20, 0.17, 0.0, 0.0]
  abduction_grip: [1.256637061, 1.570796327, 0.2967059728, -0.0872664626, 1.134464014, 1.570796327, 0.2792526803, -0.008099086018, 1.326450232, 1.570796327, 1.431169987, -0.03490658504, 1.396263402, 1.570796327, 1.291543646, -0.0872664626, 0.06981317008, 0.7679448709, -0.03490658504, 0.1919862177, 1.186823891, 0.7679448709, -0.6108652382, 0.03490658503988659]
  medium_wrap: [0.4188790205, 1.239183769, 0.9599310886, 0.3141592654, 0.3665191429, 1.082104136, 1.151917306, 0.2967059728, 0.2617993878, 1.169370599, 1.326450232, -0.1745329252, 0.5061454831, 1.326450232, 1.029744259, -0.1745329252, 0.2268928028, 1.012290966, 0.6806784083, -0.1919862177, 1.012290966, -0.2967059728, -0.5585053606, -0.017453292519943295]
  palmar_pinch: [0.01745329252, 0.7504915784, 1.239183769, 0.2268928028, 1.169370599, 1.570796327, 1.431169987, -0.008099086018, 1.308996939, 1.570796327, 1.466076572, -0.06981317008, 1.378810109, 1.570796327, 1.361356817, -0.1047197551, 0.1047197551, 0, 0.01745329252, 0.1919862177, 1.012290966, 0.2443460953, -0.6108652382, 0.08726646259971647]
  parallel_extension: [0.1570796327, 0.0872664626, 0.8901179185, 0.1047197551, 0.2443460953, 0.03490658504, 0.9599310886, 0.03490658504, 0.1919862177, 0.0872664626, 0.9773843811, -0.03490658504, 0.2617993878, 0, 0.7853981634, -0.05235987756, 0.00119567251, 0, 0.6283185307, 0.05235987756, 1.117010721, 0.7504915784, -0.3839724354, 0.03490658503988659]
  pinch_sphere: [0.2792526803, 1.151917306, 0.5235987756, -0.1570796327, 0.3490658504, 1.099557429, 0.471238898, 0.2094395102, 0.471238898, 1.239183769, 0.4537856055, -0.2967059728, 0.2617993878, 1.518436449, 0.6108652382, -0.3316125579, 0.05235987756, 0.837758041, 0.5759586532, 0.1221730476, 1.117010721, -0.2268928028, -0.4537856055, -0.017453292519943295]
  tip_pinch: [0.3839724354, 1.413716694, 0.7504915784, 0.05235987756, 1.151917306, 1.570796327, 1.396263402, -0.008099086018, 1.204277184, 1.570796327, 1.413716694, -0.05235987756, 1.326450232, 1.570796327, 1.274090354, -0.1047197551, 0.1047197551, 1.570796327, -0.2617993878, 0.1396263402, 0.9599310886, 0.01745329252, -0.5934119457, 0.06981317007977318]
  writing_tripod: [0.3490658504, 1.256637061, 0.837758041, -0.2268928028, 0.4886921906, 1.431169987, 1.151917306, 0.2443460953, 0.9250245036, 1.570796327, 1.413716694, -0.2967059728, 1.221730476, 1.570796327, 1.431169987, -0.3316125579, 0.1221730476, 1.082104136, 0.6457718232, 0.1396263402, 0.471238898, -0.3316125579, -0.4886921906, 0.017453292519943295]
