name: scene_1

scene:
  - type: launch
    name: roslaunch sr_moveit_planner_benchmarking benchmarking.launch
  - type: python
    name: sr_moveit_planner_benchmarking.collision_scene_1.CreateScene1

group_id: right_arm
planners:
  - RRTConnectkConfigDefault
  - RRTkConfigDefault


planning_attempts: 1
goal_tolerance: 0.005
planning_time: 10
allow_replanning: False
arm_kinematics_file_name: kinematics.yaml


tests:
  - start_joints: [0.11, 0.00, -0.93, -2.22, -1.71, -1.68]
    goal_joints: [1.55, -1.15, 2.01, 2.39, -1.55, -1.58]
    start_xyz: [1.25, 0, 0.3]
    goal_xyz:  [-0.15, 0.73, 0.36]
    goal_orientation: [0.15, 0.52, 0.21, 0.81]
    space: joint

  - start_joints: [0.11, 0.00, -0.93, -2.22, -1.71, -1.68]
    goal_joints: [1.55, -1.15, 2.01, 2.39, -1.55, -1.58]
    start_xyz: [1.25, 0, 0.3]
    goal_xyz:  [-0.15, 0.73, 0.36]
    goal_orientation: [0.15, 0.52, 0.21, 0.81]
    space: pose

  - start_joints: [2.0124379710802414, -0.6395552894291645, 1.8272080603542877, 2.0191359302159064, -1.3904105764847612, -3.0564905988137565]
    goal_joints:  [2.6752085499210883, -0.8522038622523826, 1.201729214706459, 2.821729335878766, -1.7238947911545262, -1.6146325266562542]
    start_xyz:  [-0.51, 0.65, 0.07]
    goal_xyz: [-0.99, 0.33, 0.50]
    goal_orientation: [-0.28, -0.67, 0.68, 0.07]
    space: joint

  - start_joints: [2.0124379710802414, -0.6395552894291645, 1.8272080603542877, 2.0191359302159064, -1.3904105764847612, -3.0564905988137565]
    goal_joints:  [2.6752085499210883, -0.8522038622523826, 1.201729214706459, 2.821729335878766, -1.7238947911545262, -1.6146325266562542]
    start_xyz:  [-0.51, 0.65, 0.07]
    goal_xyz: [-0.99, 0.33, 0.50]
    goal_orientation: [-0.28, -0.67, 0.68, 0.07]
    space: pose

  - start_joints: [-1.4888676313634834, -2.032021937909764, 2.0806817862208606, -2.7766676701654585, -1.5224358139380132, 3.1386020362120806]
    goal_joints: [-0.3873561657737919, -1.4454237975422544, 1.7388717638919942, -3.0023296843235188, -2.5803362501170866, -2.7518032611540217]
    start_xyz:  [0.20, -0.41, 0.72]
    goal_xyz: [0.70, -0.19, 0.65]
    goal_orientation: [-0.62, -0.08, -0.65, 0.42]
    space: joint

  - start_joints: [-1.4888676313634834, -2.032021937909764, 2.0806817862208606, -2.7766676701654585, -1.5224358139380132, 3.1386020362120806]
    goal_joints: [-0.3873561657737919, -1.4454237975422544, 1.7388717638919942, -3.0023296843235188, -2.5803362501170866, -2.7518032611540217]
    start_xyz:  [0.20, -0.41, 0.72]
    goal_xyz: [0.70, -0.19, 0.65]
    goal_orientation: [-0.62, -0.08, -0.65, 0.42]
    space: pose
